0 3 10 13 22 26 30 33 40 42
0 26 27 33 39 42 48 55 60 67
42 46 55 63 72 79 81 82 88 93
76 88 97 105 115 121 130 139 143 152
143 149 161 168 174 180 186 194 203 207
168 203 210 211 218 228 236 237 243 247
207 243 251 252 258 267 274 284 289 299
289 292 299 302 304 306 309 311 321 327
311 316 320 321 329 337 341 347 354 355
294 355 365 371 373 379 383 384 390 396
337 396 399 400 406 407 413 414 418 426
379 386 418 425 430 440 443 449 459 467
467 473 477 485 492 497 505 508 518 526
449 477 481 491 492 496 526 536 540 550
499 536 546 550 556 561 565 572 577 587
594 598 606 608 614 617 621 628 637 645
654 655 660 669 676 686 694 704 710 717
686 689 690 696 710 715 719 725 728 730
719 726 736 739 749 754 758 761 766 770
732 774 777 779 787 791 801 811 821 831
787 801 804 808 835 845 854 864 874 875
804 831 833 842 847 854 856 860 864 872
875 881 888 890 899 908 913 918 922 932
811 820 890 894 918 933 938 948 955 965
948 965 969 976 977 985 995 1001 1008 1012
1008 1011 1013 1022 1032 1039 1040 1041 1043 1048
1032 1053 1057 1058 1068 1069 1075 1078 1086 1093
1013 1098 1099 1106 1110 1118 1120 1124 1131 1136
1106 1109 1118 1127 1136 1140 1143 1152 1155 1158
1158 1166 1167 1168 1178 1188 1198 1201 1209 1216
1222 1232 1235 1241 1242 1251 1257 1265 1267 1269
1257 1277 1283 1290 1300 1308 1313 1317 1327 1329
1258 1329 1333 1341 1348 1349 1354 1363 1364 1368
1331 1364 1373 1374 1377 1381 1391 1399 1405 1412
1405 1412 1417 1427 1428 1431 1436 1438 1444 1446
1446 1447 1448 1452 1453 1459 1465 1470 1480 1483
1449 1457 1480 1486 1494 1501 1511 1516 1520 1525
1534 1539 1541 1546 1553 1555 1564 1572 1581 1585
1585 1593 1595 1599 1604 1613 1621 1630 1634 1644
1593 1599 1603 1645 1654 1662 1670 1680 1689 1694
1654 1663 1689 1691 1696 1703 1709 1717 1727 1735
1630 1743 1750 1756 1758 1767 1776 1783 1789 1796
1758 1766 1772 1774 1781 1787 1793 1795 1800 1810
1815 1816 1826 1828 1835 1836 1838 1840 1843 1850
1854 1855 1864 1872 1876 1877 1879 1885 1893 1902
1879 1886 1893 1898 1904 1907 1914 1920 1928 1938
1920 1924 1932 1936 1941 1945 1955 1958 1967 1968
1945 1950 1958 1973 1983 1987 1991 2000 2006 2013
2006 2016 2024 2031 2032 2034 2042 2048 2058 2068
2048 2058 2059 2066 2076 2078 2085 2089 2095 2103
2085 2094 2104 2105 2112 2116 2121 2127 2135 2144
2127 2133 2144 2154 2162 2169 2172 2178 2184 2188
2105 2184 2192 2196 2198 2201 2206 2215 2224 2231
2095 2224 2231 2232 2242 2249 2254 2259 2263 2269
2242 2250 2259 2269 2273 2277 2284 2288 2289 2296
2277 2281 2286 2300 2302 2310 2318 2324 2334 2336
2281 2290 2292 2301 2306 2324 2334 2337 2345 2352
2318 2352 2362 2366 2372 2381 2390 2394 2397 2404
2326 2404 2412 2414 2422 2427 2434 2440 2443 2448
2381 2458 2461 2463 2465 2473 2477 2483 2487 2491
2483 2488 2494 2504 2509 2514 2515 2525 2530 2534
2448 2514 2521 2522 2530 2540 2550 2553 2558 2561
2530 2561 2566 2571 2578 2585 2588 2592 2594 2602
2585 2602 2609 2615 2619 2626 2627 2632 2634 2639
2592 2597 2602 2615 2622 2624 2632 2639 2642 2647
2632 2642 2648 2650 2656 2659 2662 2668 2674 2680
2656 2660 2666 2686 2692 2700 2701 2711 2714 2721
2656 2662 2674 2680 2721 2726 2733 2737 2738 2747
2737 2740 2744 2746 2753 2754 2764 2773 2782 2787
2753 2773 2778 2782 2788 2797 2803 2810 2819 2823
2746 2753 2810 2828 2838 2841 2849 2854 2863 2868
2854 2855 2857 2860 2869 2874 2878 2880 2887 2893
2748 2823 2849 2863 2868 2902 2910 2918 2924 2934
2874 2881 2941 2945 2953 2963 2973 2975 2978 2981
2975 2981 2989 2995 3004 3013 3022 3027 3034 3035
2973 2983 3004 3022 3028 3038 3043 3049 3054 3059
3038 3042 3052 3060 3067 3073 3083 3084 3092 3099
3083 3088 3096 3098 3100 3106 3110 3111 3121 3127
3098 3103 3105 3127 3135 3139 3145 3155 3159 3161
3096 3161 3162 3165 3173 3177 3182 3189 3194 3197
3205 3215 3223 3227 3232 3237 3246 3255 3265 3266
3227 3237 3239 3244 3251 3259 3261 3263 3271 3275
3261 3269 3276 3284 3290 3299 3301 3304 3313 3316
3099 3322 3329 3334 3336 3341 3347 3350 3356 3362
3336 3362 3371 3376 3382 3391 3396 3398 3399 3407
3391 3409 3414 3415 3417 3424 3425 3430 3432 3433
3433 3437 3438 3446 3452 3455 3459 3467 3476 3479
3459 3485 3490 3498 3505 3514 3518 3519 3521 3524
3438 3519 3529 3538 3543 3548 3554 3555 3564 3574
3400 3564 3568 3573 3579 3583 3589 3597 3603 3612
3619 3625 3627 3637 3641 3645 3650 3658 3664 3670
3574 3597 3637 3670 3678 3681 3684 3694 3699 3704
3643 3651 3661 3663 3681 3685 3687 3692 3694 3698
3694 3696 3704 3712 3719 3726 3727 3729 3730 3737
3727 3736 3746 3747 3748 3749 3759 3761 3771 3772
3772 3780 3790 3799 3801 3803 3810 3820 3822 3823
3810 3814 3816 3823 3828 3837 3840 3844 3845 3849
3822 3832 3838 3843 3850 3858 3860 3865 3867 3873
3843 3846 3858 3873 3883 3891 3897 3904 3911 3921
3925 3934 3936 3937 3947 3957 3964 3974 3981 3986
3897 3907 3981 3987 3991 3998 4004 4006 4014 4021
4006 4015 4023 4025 4028 4036 4043 4047 4050 4054
4054 4063 4069 4075 4082 4087 4089 4092 4096 4101
4050 4096 4108 4114 4115 4116 4120 4124 4125 4126
4021 4029 4055 4136 4138 4147 4148 4156 4161 4170
4148 4150 4157 4165 4175 4185 4194 4199 4204 4213
4116 4156 4165 4166 4173 4199 4213 4222 4231 4238
4039 4200 4209 4219 4222 4231 4241 4244 4248 4252
4209 4242 4248 4253 4257 4259 4265 4274 4282 4289
4289 4294 4298 4301 4309 4318 4326 4327 4331 4338
4244 4346 4350 4360 4362 4363 4370 4378 4379 4383
4379 4386 4395 4400 4403 4406 4411 4420 4429 4438
4400 4406 4407 4416 4425 4435 4442 4445 4447 4456
4420 4440 4445 4451 4454 4457 4465 4469 4475 4483
4475 4481 4486 4494 4495 4505 4506 4509 4515 4521
4370 4521 4531 4535 4536 4546 4549 4558 4560 4568
4558 4568 4572 4578 4587 4590 4596 4605 4613 4623
4560 4623 4633 4642 4647 4656 4664 4666 4674 4683
4647 4692 4702 4712 4715 4720 4723 4729 4739 4748
4748 4752 4756 4765 4766 4772 4776 4781 4786 4791
4753 4758 4781 4784 4785 4791 4792 4794 4798 4799
4792 4802 4810 4813 4816 4822 4825 4826 4829 4834
4843 4850 4858 4860 4862 4865 4868 4873 4883 4884
4810 4818 4868 4871 4880 4889 4898 4902 4903 4904
4873 4894 4896 4901 4909 4916 4922 4928 4937 4939
4906 4912 4917 4920 4929 4936 4943 4946 4952 4955
4955 4957 4958 4968 4975 4980 4981 4991 4997 5006
4952 4962 4967 5014 5017 5026 5029 5032 5034 5041
5044 5046 5047 5055 5065 5070 5076 5079 5087 5096
4916 5096 5103 5111 5113 5120 5123 5124 5128 5133
5026 5036 5120 5127 5140 5143 5150 5159 5167 5172
5172 5177 5180 5183 5187 5194 5196 5198 5208 5212
5198 5207 5212 5214 5221 5230 5231 5239 5246 5247
5187 5212 5230 5237 5239 5240 5244 5249 5250 5252
5252 5254 5263 5265 5275 5277 5283 5286 5292 5293
5256 5275 5284 5290 5300 5304 5312 5316 5317 5320
5284 5320 5325 5330 5332 5334 5343 5349 5356 5363
5343 5352 5365 5368 5373 5375 5376 5382 5388 5395
5334 5373 5395 5401 5406 5412 5422 5427 5436 5440
5406 5407 5436 5443 5445 5447 5452 5453 5460 5468
5411 5477 5481 5483 5488 5489 5491 5497 5498 5503
5453 5491 5498 5505 5506 5513 5519 5521 5531 5534
5505 5512 5521 5531 5532 5537 5547 5552 5554 5560
5534 5564 5568 5576 5583 5584 5592 5601 5611 5620
5620 5626 5631 5641 5645 5654 5662 5670 5671 5680
5654 5661 5671 5678 5684 5687 5693 5699 5705 5715
5631 5693 5705 5710 5716 5717 5720 5721 5730 5732
5710 5735 5739 5746 5756 5763 5772 5773 5783 5786
5773 5782 5783 5790 5798 5807 5810 5815 5825 5834
5790 5837 5845 5852 5862 5863 5873 5875 5878 5879
5782 5873 5875 5884 5893 5897 5899 5905 5909 5918
5875 5909 5915 5923 5933 5936 5942 5950 5951 5955
5925 5950 5955 5964 5965 5969 5970 5980 5985 5993
5918 5925 5980 5993 6003 6013 6021 6031 6041 6051
5925 6051 6057 6063 6070 6080 6085 6091 6094 6102
6085 6102 6111 6114 6116 6122 6124 6128 6132 6133
6111 6116 6132 6139 6146 6151 6158 6168 6170 6178
6158 6170 6174 6184 6192 6193 6200 6202 6208 6213
6213 6217 6223 6229 6239 6246 6249 6257 6267 6271
6249 6271 6277 6284 6288 6296 6297 6298 6305 6306
6257 6305 6314 6317 6324 6325 6332 6338 6346 6349
6358 6365 6374 6376 6378 6387 6388 6390 6397 6398
6407 6408 6418 6428 6435 6440 6444 6450 6456 6466
6374 6456 6461 6463 6472 6481 6485 6489 6493 6501
6398 6401 6411 6415 6424 6472 6501 6502 6511 6518
6432 6481 6493 6500 6504 6507 6526 6534 6540 6550
6500 6511 6513 6554 6559 6561 6571 6577 6581 6586
6514 6521 6593 6596 6597 6603 6610 6615 6624 6633
6597 6633 6635 6639 6642 6645 6648 6658 6662 6668
6669 6676 6678 6684 6694 6698 6704 6712 6720 6724
6724 6733 6737 6738 6744 6752 6756 6757 6765 6773
6782 6785 6792 6802 6804 6809 6811 6813 6823 6826
6813 6823 6833 6834 6837 6842 6851 6859 6861 6871
6861 6867 6873 6881 6883 6884 6886 6896 6902 6912
6912 6913 6919 6922 6923 6931 6938 6939 6943 6945
6947 6950 6954 6958 6962 6966 6969 6977 6987 6995
6987 6990 6998 7004 7014 7019 7021 7022 7025 7032
6943 6954 7032 7034 7044 7046 7048 7056 7063 7071
7040 7073 7076 7077 7086 7096 7099 7108 7110 7119
7099 7106 7119 7126 7133 7143 7152 7157 7165 7173
7133 7173 7179 7184 7191 7196 7204 7211 7217 7219
7211 7214 7215 7222 7223 7225 7226 7227 7228 7233
7226 7234 7241 7246 7254 7264 7274 7279 7281 7283
7279 7282 7292 7301 7303 7307 7310 7312 7315 7325
7315 7324 7325 7334 7343 7346 7347 7356 7358 7362
7368 7376 7378 7380 7387 7393 7400 7401 7406 7410
7325 7333 7376 7393 7398 7400 7403 7404 7411 7412
7356 7413 7420 7430 7435 7439 7441 7447 7454 7459
7435 7466 7469 7477 7480 7487 7492 7498 7506 7511
7333 7519 7527 7535 7541 7546 7547 7553 7562 7566
7546 7553 7557 7567 7574 7578 7584 7586 7596 7604
7596 7597 7604 7608 7611 7619 7628 7638 7646 7648
7609 7648 7655 7659 7661 7668 7676 7686 7696 7702
7686 7690 7702 7704 7712 7721 7729 7733 7743 7745
7747 7749 7752 7759 7767 7771 7775 7784 7785 7795
7690 7797 7804 7805 7814 7818 7820 7825 7828 7831
7733 7825 7833 7841 7849 7853 7863 7867 7870 7879
7881 7887 7890 7894 7899 7907 7917 7923 7926 7931
7937 7942 7947 7950 7955 7965 7967 7977 7979 7987
7965 7987 7990 7997 8005 8006 8013 8021 8022 8031
8031 8035 8044 8048 8051 8061 8068 8078 8080 8082
7967 8021 8086 8087 8091 8096 8100 8103 8108 8116
8124 8125 8127 8132 8142 8150 8159 8164 8173 8180
8173 8176 8186 8187 8190 8198 8199 8209 8213 8214
8025 8213 8216 8221 8226 8231 8235 8240 8247 8252
8214 8254 8257 8264 8267 8272 8275 8285 8293 8301
8308 8315 8316 8325 8331 8339 8340 8346 8347 8349
8349 8355 8356 8361 8362 8364 8372 8379 8384 8393
8384 8391 8398 8405 8410 8416 8423 8429 8432 8434
8434 8444 8454 8464 8471 8472 8475 8477 8482 8486
8486 8488 8490 8492 8494 8498 8499 8504 8513 8514
8471 8478 8523 8527 8537 8541 8550 8556 8558 8561
8537 8558 8567 8569 8572 8579 8582 8587 8593 8598
8478 8541 8550 8559 8605 8612 8621 8624 8634 8644
8572 8581 8582 8587 8624 8632 8637 8644 8646 8654
8654 8663 8669 8679 8686 8689 8693 8702 8703 8711
8644 8650 8654 8655 8656 8711 8720 8726 8733 8739
8740 8743 8748 8751 8761 8762 8764 8773 8777 8781
8764 8773 8781 8787 8788 8791 8798 8799 8807 8809
8816 8821 8825 8835 8842 8845 8852 8861 8863 8866
8788 8794 8842 8863 8865 8870 8878 8882 8891 8896
8801 8906 8913 8922 8927 8929 8937 8941 8944 8953
8953 8961 8964 8972 8974 8975 8981 8987 8997 9000
9005 9015 9017 9019 9026 9032 9033 9041 9048 9050
9019 9041 9048 9056 9060 9064 9069 9077 9083 9085
9026 9033 9040 9085 9091 9096 9100 9103 9104 9114
9096 9116 9120 9128 9136 9142 9147 9149 9152 9156
9158 9168 9169 9179 9183 9186 9194 9201 9208 9218
9218 9223 9228 9231 9236 9245 9253 9254 9255 9262
9255 9262 9267 9277 9282 9292 9293 9301 9303 9305
9221 9262 9293 9301 9308 9310 9318 9320 9327 9330
9327 9337 9347 9357 9358 9359 9363 9366 9372 9373
9318 9373 9376 9381 9387 9390 9394 9400 9407 9412
9282 9418 9423 9432 9439 9441 9444 9445 9452 9454
9412 9416 9459 9465 9473 9482 9487 9494 9504 9507
9507 9509 9512 9514 9523 9532 9534 9539 9542 9548
9556 9562 9563 9570 9573 9576 9581 9585 9595 9603
9595 9599 9608 9610 9616 9622 9627 9629 9635 9642
9635 9638 9642 9645 9647 9650 9651 9659 9660 9670
9674 9680 9681 9684 9694 9700 9704 9712 9715 9721
9649 9712 9720 9730 9734 9738 9747 9755 9760 9769
9760 9764 9774 9779 9781 9789 9793 9801 9803 9805
9734 9805 9813 9815 9820 9826 9828 9835 9841 9850
9828 9838 9855 9864 9871 9878 9882 9886 9888 9893
9871 9897 9901 9905 9911 9921 9925 9932 9937 9944
9878 9925 9926 9931 9934 9944 9950 9960 9967 9973
9973 9981 9983 9984 9994 9996 9997 10004 10009 10012
9981 9982 9985 9988 9997 9998 10007 10008 10021 10027
9934 10008 10010 10013 10021 10029 10031 10040 10044 10048
10044 10046 10050 10059 10068 10077 10079 10080 10088 10090
10092 10098 10103 10112 10113 10116 10123 10125 10126 10136
10058 10139 10145 10154 10157 10166 10167 10169 10175 10176
10176 10178 10185 10192 10200 10202 10203 10204 10205 10213
10167 10174 10185 10203 10212 10220 10230 10240 10245 10253
10240 10243 10252 10257 10266 10270 10271 10275 10281 10290
10290 10298 10299 10303 10309 10315 10317 10326 10335 10338
10299 10308 10309 10314 10315 10326 10334 10338 10341 10348
10321 10335 10339 10351 10357 10362 10363 10368 10375 10376
10339 10349 10362 10375 10378 10381 10386 10394 10396 10402
10334 10339 10381 10383 10385 10395 10396 10399 10408 10415
10395 10402 10422 10432 10442 10449 10456 10465 10475 10478
10343 10478 10485 10490 10499 10502 10512 10514 10518 10525
10518 10522 10525 10530 10539 10544 10550 10554 10555 10565
10522 10530 10536 10541 10547 10554 10556 10562 10571 10578
10570 10571 10572 10579 10587 10593 10596 10598 10603 10604
10611 10614 10619 10622 10626 10635 10642 10649 10650 10660
10619 10635 10636 10640 10648 10654 10662 10666 10674 10682
10662 10670 10673 10676 10686 10696 10700 10707 10717 10719
10696 10707 10710 10719 10726 10734 10741 10748 10755 10761
10728 10731 10755 10765 10772 10777 10784 10785 10791 10796
10802 10803 10812 10817 10820 10827 10834 10839 10843 10845
10848 10856 10866 10872 10878 10880 10881 10891 10900 10902
10880 10888 10902 10907 10910 10912 10920 10929 10933 10935
10935 10943 10952 10961 10966 10972 10979 10987 10989 10995
10987 10988 10993 10996 11002 11008 11012 11020 11030 11033
10998 11020 11024 11028 11034 11036 11043 11053 11057 11063
11063 11073 11076 11077 11085 11092 11102 11105 11110 11120
11012 11092 11110 11120 11127 11134 11142 11146 11148 11157
11101 11157 11164 11172 11176 11185 11195 11198 11199 11201
11176 11179 11182 11191 11201 11210 11217 11223 11229 11232
11229 11233 11239 11242 11247 11255 11257 11262 11265 11275
11275 11277 11282 11291 11298 11300 11308 11313 11315 11322
11313 11321 11327 11330 11340 11344 11351 11355 11359 11367
11298 11321 11327 11359 11367 11369 11371 11376 11382 11385
11330 11339 11385 11388 11397 11404 11408 11416 11426 11433
11433 11435 11438 11445 11455 11458 11464 11473 11478 11480
11473 11476 11480 11484 11490 11491 11493 11503 11505 11513
11458 11505 11509 11519 11526 11527 11532 11537 11542 11546
11526 11531 11537 11541 11545 11551 11560 11569 11574 11584
11574 11582 11588 11596 11598 11601 11606 11614 11619 11624
11594 11595 11598 11606 11625 11632 11641 11644 11654 11659
11659 11663 11673 11678 11679 11685 11686 11689 11694 11699
11673 11694 11698 11703 11707 11713 11722 11730 11733 11740
11707 11713 11722 11733 11738 11747 11748 11758 11765 11767
11767 11776 11781 11791 11801 11807 11810 11811 11812 11820
11812 11820 11822 11832 11834 11835 11841 11844 11846 11847
11844 11845 11848 11854 11857 11858 11860 11865 11873 11875
11875 11876 11882 11883 11892 11901 11906 11911 11916 11919
11911 11919 11929 11933 11936 11937 11943 11950 11960 11963
11960 11968 11975 11983 11988 11993 11995 12003 12008 12013
11975 11979 12003 12013 12021 12025 12028 12035 12040 12045
12045 12051 12052 12062 12066 12072 12073 12076 12080 12081
11967 12008 12081 12084 12089 12097 12101 12106 12116 12122
12076 12122 12124 12134 12139 12148 12149 12155 12162 12165
12165 12173 12180 12181 12184 12186 12194 12197 12203 12205
11983 12184 12188 12198 12199 12206 12208 12212 12216 12226
12194 12212 12220 12221 12234 12242 12250 12251 12253 12259
12251 12259 12266 12268 12271 12276 12282 12288 12296 12297
12296 12305 12313 12316 12324 12328 12334 12343 12347 12353
12221 12354 12358 12365 12375 12385 12386 12387 12397 12398
12405 12406 12414 12423 12424 12433 12441 12449 12459 12462
12468 12478 12483 12486 12490 12491 12492 12494 12501 12506
12441 12459 12515 12518 12524 12527 12536 12544 12548 12552
12552 12554 12560 12567 12576 12583 12593 12599 12603 12608
12560 12569 12603 12606 12608 12614 12619 12624 12630 12638
12619 12647 12649 12657 12661 12671 12681 12685 12691 12692
12685 12690 12698 12703 12710 12712 12718 12719 12729 12739
12671 12729 12745 12750 12760 12762 12768 12770 12778 12786
12622 12691 12697 12718 12722 12738 12739 12747 12760 12762
12722 12739 12791 12797 12801 12805 12807 12812 12819 12822
12828 12829 12836 12839 12842 12850 12852 12853 12858 12863
12866 12870 12877 12882 12887 12888 12898 12906 12911 12921
12858 12906 12908 12911 12921 12924 12931 12940 12945 12947
12852 12956 12961 12964 12971 12972 12982 12990 12994 13002
12860 13002 13010 13019 13025 13033 13039 13041 13049 13052
12862 12908 12911 13033 13049 13053 13063 13065 13075 13078
13080 13089 13096 13104 13113 13114 13124 13131 13134 13137
13140 13141 13147 13149 13155 13163 13167 13176 13185 13190
13155 13157 13161 13165 13176 13183 13193 13199 13201 13202
13041 13203 13209 13217 13218 13223 13228 13234 13240 13241
13209 13248 13254 13264 13273 13278 13287 13291 13301 13303
13240 13301 13308 13313 13321 13329 13337 13339 13342 13348
13329 13333 13348 13353 13354 13355 13360 13370 13375 13383
13385 13386 13394 13396 13399 13405 13415 13419 13421 13424
13394 13400 13405 13419 13422 13433 13442 13452 13461 13469
13461 13471 13474 13476 13485 13494 13496 13506 13514 13524
13514 13522 13529 13537 13541 13544 13545 13549 13557 13559
13549 13557 13566 13568 13578 13583 13584 13592 13596 13602
13611 13621 13628 13636 13646 13656 13664 13674 13676 13684
13690 13695 13697 13707 13714 13721 13727 13730 13738 13742
13697 13749 13754 13761 13767 13774 13778 13785 13791 13796
13796 13801 13805 13810 13820 13823 13824 13826 13827 13837
13842 13849 13855 13865 13872 13878 13879 13885 13890 13895
13820 13826 13872 13873 13882 13892 13901 13903 13908 13914
13908 13920 13921 13928 13933 13940 13950 13952 13959 13967
13940 13944 13959 13961 13966 13970 13979 13981 13985 13992
13944 13961 13967 13976 13992 13994 13995 14000 14009 14019
14001 14010 14019 14027 14030 14035 14041 14046 14049 14050
14027 14032 14049 14058 14059 14061 14062 14065 14073 14077
14050 14059 14069 14085 14088 14089 14090 14091 14093 14097
14073 14088 14091 14101 14107 14108 14117 14125 14134 14137
14077 14093 14137 14145 14153 14156 14165 14166 14176 14185
14156 14185 14190 14191 14200 14201 14202 14205 14210 14219
14219 14226 14228 14234 14242 14247 14251 14260 14262 14270
14260 14270 14271 14280 14288 14293 14299 14301 14310 14319
14310 14314 14319 14328 14335 14337 14342 14344 14354 14356
14337 14341 14346 14347 14366 14371 14374 14383 14392 14393
14393 14398 14405 14412 14420 14430 14433 14437 14444 14447
14420 14450 14455 14464 14466 14471 14480 14485 14487 14491
14471 14479 14498 14505 14511 14517 14524 14527 14537 14542
14524 14531 14532 14541 14549 14554 14555 14564 14567 14575
14511 14518 14564 14567 14571 14572 14580 14582 14584 14587
14531 14584 14589 14598 14601 14606 14607 14611 14612 14616
14611 14616 14617 14625 14633 14636 14646 14653 14659 14660
14589 14612 14659 14663 14666 14667 14673 14683 14688 14695
14670 14703 14711 14718 14722 14728 14736 14746 14751 14753
14760 14763 14766 14771 14774 14779 14783 14791 14794 14796
14783 14785 14794 14802 14803 14811 14817 14826 14832 14833
14811 14820 14822 14825 14833 14842 14843 14848 14850 14860
14860 14863 14872 14877 14885 14891 14900 14909 14910 14912
14900 14916 14921 14931 14932 14939 14942 14944 14952 14955
14891 14894 14964 14970 14975 14979 14989 14993 14999 15007
14952 15012 15014 15017 15020 15024 15028 15030 15035 15044
14736 14955 15017 15030 15032 15042 15044 15053 15055 15059
14897 14964 15055 15059 15069 15074 15083 15085 15087 15095
15014 15098 15106 15116 15121 15124 15134 15138 15144 15154
15085 15095 15155 15156 15164 15174 15177 15178 15180 15184
15187 15189 15196 15202 15212 15222 15232 15238 15244 15245
15232 15238 15245 15253 15257 15259 15260 15264 15269 15275
15235 15259 15276 15279 15289 15292 15300 15304 15309 15314
15269 15300 15303 15307 15308 15310 15311 15320 15328 15333
15308 15334 15340 15342 15351 15354 15355 15358 15363 15366
15354 15366 15373 15380 15384 15390 15392 15402 15412 15421
15392 15396 15401 15404 15412 15416 15426 15430 15435 15437
15412 15435 15441 15449 15452 15453 15458 15465 15469 15477
15430 15431 15469 15477 15484 15490 15498 15507 15510 15513
15507 15513 15523 15524 15527 15529 15533 15535 15537 15546
15513 15515 15524 15527 15528 15529 15539 15542 15547 15555
15547 15551 15563 15572 15577 15586 15594 15603 15613 15614
15613 15615 15616 15622 15630 15635 15639 15649 15656 15659
15630 15635 15643 15644 15646 15654 15667 15676 15685 15686
15686 15693 15702 15703 15713 15716 15719 15728 15736 15741
15703 15741 15746 15753 15759 15768 15776 15784 15791 15795
15768 15803 15810 15818 15822 15826 15832 15834 15835 15840
15818 15850 15857 15858 15865 15870 15871 15877 15880 15889
15880 15886 15889 15898 15901 15905 15909 15916 15922 15923
15889 15890 15924 15931 15941 15946 15953 15955 15965 15972
15965 15969 15975 15984 15987 15997 15999 16008 16018 16024
16033 16041 16042 16044 16052 16057 16059 16064 16074 16084
15896 16064 16068 16086 16089 16095 16096 16104 16105 16112
15827 15834 16095 16101 16105 16114 16122 16124 16129 16130
16112 16124 16130 16131 16134 16138 16141 16143 16146 16154
15842 16143 16149 16158 16160 16166 16168 16172 16178 16187
16178 16195 16200 16205 16210 16217 16223 16232 16236 16244
16210 16217 16222 16230 16239 16247 16249 16258 16267 16269
16223 16267 16276 16277 16287 16292 16300 16309 16310 16314
16309 16317 16324 16326 16328 16334 16342 16352 16354 16357
16317 16328 16338 16362 16370 16380 16389 16398 16400 16401
16334 16342 16344 16370 16371 16373 16374 16381 16400 16403
16409 16417 16424 16427 16432 16439 16440 16448 16449 16457
16424 16431 16448 16451 16458 16467 16470 16477 16487 16494
16440 16494 16498 16502 16512 16516 16517 16520 16523 16533
16401 16427 16429 16542 16548 16558 16566 16567 16572 16579
16439 16467 16523 16525 16531 16541 16566 16573 16578 16588
16579 16584 16585 16590 16596 16597 16605 16609 16610 16614
16597 16606 16610 16616 16624 16633 16634 16640 16644 16652
16610 16660 16669 16670 16673 16676 16677 16685 16693 16695
16673 16685 16694 16696 16697 16698 16708 16714 16724 16733
16669 16693 16697 16700 16724 16732 16741 16750 16753 16754
16753 16762 16768 16770 16776 16779 16789 16793 16796 16798
16793 16801 16811 16812 16816 16825 16833 16839 16845 16852
16811 16818 16852 16854 16856 16863 16864 16873 16874 16877
16873 16875 16886 16893 16895 16896 16903 16909 16915 16922
16895 16903 16910 16929 16933 16940 16946 16951 16959 16969
16839 16959 16961 16969 16978 16985 16988 16997 17005 17008
16963 16965 16988 16992 16999 17005 17010 17020 17029 17037
17005 17012 17016 17029 17035 17045 17052 17062 17069 17070
17076 17084 17090 17095 17096 17101 17103 17105 17113 17117
17101 17107 17111 17119 17122 17127 17129 17133 17138 17139
17147 17154 17160 17161 17171 17174 17178 17184 17191 17196
17138 17143 17150 17155 17161 17167 17169 17205 17215 17217
17224 17232 17234 17241 17249 17250 17259 17264 17271 17272
17150 17174 17179 17183 17193 17198 17264 17273 17282 17284
17179 17282 17287 17297 17300 17309 17314 17317 17325 17327
17287 17290 17292 17309 17314 17319 17328 17336 17346 17355
17346 17352 17355 17358 17363 17367 17372 17381 17387 17393
17292 17387 17396 17400 17404 17406 17407 17409 17410 17418
17404 17413 17421 17424 17427 17429 17434 17444 17447 17453
17444 17462 17468 17470 17471 17481 17487 17496 17503 17507
17487 17494 17498 17504 17510 17511 17521 17526 17529 17530
17530 17532 17538 17545 17555 17560 17562 17568 17576 17580
17587 17590 17599 17608 17610 17619 17624 17625 17629 17633
17590 17625 17626 17634 17639 17642 17647 17653 17658 17662
17633 17634 17642 17662 17672 17678 17679 17689 17696 17701
17504 17701 17708 17713 17721 17724 17730 17736 17741 17742
17730 17739 17749 17753 17763 17773 17780 17787 17795 17800
17773 17779 17784 17790 17792 17802 17809 17815 17825 17835
17809 17817 17824 17829 17836 17843 17849 17858 17868 17877
17829 17839 17847 17868 17878 17885 17894 17903 17907 17908
17858 17863 17867 17870 17873 17903 17908 17912 17920 17930
17907 17934 17936 17945 17953 17956 17964 17965 17975 17984
17885 17908 17975 17979 17991 18001 18010 18015 18019 18026
18010 18026 18032 18039 18048 18049 18052 18058 18062 18071
17956 18052 18071 18078 18083 18089 18093 18099 18100 18102
18102 18110 18116 18125 18129 18133 18142 18146 18148 18154
18116 18119 18142 18149 18161 18171 18174 18179 18181 18182
18129 18148 18156 18164 18171 18176 18183 18185 18187 18188
18197 18202 18212 18216 18219 18227 18228 18235 18241 18243
18241 18248 18250 18251 18259 18260 18268 18270 18279 18281
18248 18251 18260 18263 18273 18281 18291 18293 18295 18305
18273 18278 18308 18317 18321 18323 18329 18336 18342 18351
18317 18327 18334 18357 18358 18365 18368 18377 18379 18384
18379 18383 18393 18399 18408 18414 18418 18428 18435 18443
18393 18395 18396 18400 18408 18443 18453 18458 18466 18475
18475 18484 18485 18494 18495 18505 18514 18521 18526 18527
18428 18526 18528 18533 18539 18548 18553 18563 18565 18567
18553 18567 18573 18577 18585 18591 18596 18606 18608 18613
18573 18581 18586 18593 18594 18617 18626 18632 18636 18645
18594 18613 18620 18632 18642 18648 18650 18653 18658 18667
18667 18668 18678 18687 18694 18700 18701 18709 18719 18720
18725 18727 18728 18733 18742 18751 18752 18761 18768 18770
18768 18778 18782 18788 18793 18803 18811 18815 18821 18827
18815 18825 18835 18836 18843 18846 18849 18851 18860 18865
18771 18781 18821 18836 18842 18844 18853 18857 18860 18868
18782 18791 18797 18878 18879 18887 18892 18902 18904 18905
18905 18907 18916 18926 18936 18945 18953 18956 18958 18966
18958 18966 18969 18976 18983 18987 18993 18998 19008 19009
18961 18963 18998 18999 19009 19011 19021 19031 19037 19045
19045 19053 19057 19063 19068 19069 19075 19083 19092 19099
19099 19102 19106 19110 19113 19118 19122 19127 19135 19137
19122 19129 19136 19142 19147 19151 19152 19158 19164 19170
19147 19149 19159 19168 19175 19180 19189 19190 19192 19200
19149 19190 19200 19201 19209 19218 19225 19232 19240 19244
19232 19233 19237 19245 19254 19255 19262 19263 19267 19274
19209 19263 19279 19285 19290 19292 19299 19302 19310 19317
19290 19317 19318 19319 19328 19338 19341 19350 19360 19365
19318 19341 19347 19349 19355 19361 19368 19370 19376 19381
19361 19368 19372 19378 19384 19389 19393 19403 19413 19415
19415 19425 19429 19438 19446 19447 19453 19458 19461 19467
19429 19438 19441 19449 19467 19475 19483 19486 19496 19500
19456 19475 19478 19488 19496 19506 19514 19518 19522 19532
19302 19500 19518 19519 19526 19541 19545 19546 19547 19552
19546 19554 19558 19562 19563 19571 19579 19580 19586 19592
19563 19571 19579 19587 19591 19602 19603 19606 19609 19615
19547 19609 19610 19611 19618 19619 19622 19628 19635 19639
19551 19610 19639 19641 19649 19659 19663 19668 19673 19679
19659 19665 19675 19683 19686 19690 19699 19702 19705 19706
19622 19706 19709 19717 19725 19731 19734 19741 19745 19753
19629 19734 19744 19754 19763 19764 19770 19772 19777 19783
19789 19790 19794 19799 19801 19810 19813 19816 19818 19826
19834 19842 19850 19858 19866 19874 19882 19890 19898 19906
19914 19922 19930 19938 19946 19954 19962 19970 19978 19986
19994 20002 20010 20018 20026 20034 20042 20050 20058 20066
20074 20082 20090 20098 20106 20114 20122 20130 20138 20146
20154 20162 20170 20178 20186 20194 20202 20210 20218 20226
20234 20242 20250 20258 20266 20274 20282 20290 20298 20306
20314 20322 20330 20338 20346 20354 20362 20370 20378 20386
20394 20402 20410 20418 20426 20434 20442 20450 20458 20466
20474 20482 20490 20498 20506 20514 20522 20530 20538 20546
20554 20562 20570 20578 20586 20594 20602 20610 20618 20626
20634 20642 20650 20658 20666 20674 20682 20690 20698 20706
20714 20722 20730 20738 20746 20754 20762 20770 20778 20786
20794 20802 20810 20818 20826 20834 20842 20850 20858 20866
20874 20882 20890 20898 20906 20914 20922 20930 20938 20946
20954 20962 20970 20978 20986 20994 21002 21010 21018 21026
21034 21042 21050 21058 21066 21074 21082 21090 21098 21106
21114 21122 21130 21138 21146 21154 21162 21170 21178 21186
21194 21202 21210 21218 21226 21234 21242 21250 21258 21266
21274 21282 21290 21298 21306 21314 21322 21330 21338 21346
21354 21362 21370 21378 21386 21394 21402 21410 21418 21426
21434 21442 21450 21458 21466 21474 21482 21490 21498 21506
21514 21522 21530 21538 21546 21554 21562 21570 21578 21586
21594 21602 21610 21618 21626 21634 21642 21650 21658 21666
21674 21682 21690 21698 21706 21714 21722 21730 21738 21746
21754 21762 21770 21778 21786 21794 21802 21810 21818 21826
21834 21842 21850 21858 21866 21874 21882 21890 21898 21906
21914 21922 21930 21938 21946 21954 21962 21970 21978 21986
21994 22002 22010 22018 22026 22034 22042 22050 22058 22066
22074 22082 22090 22098 22106 22114 22122 22130 22138 22146
22154 22162 22170 22178 22186 22194 22202 22210 22218 22226
22234 22242 22250 22258 22266 22274 22282 22290 22298 22306
22314 22322 22330 22338 22346 22354 22362 22370 22378 22386
22394 22402 22410 22418 22426 22434 22442 22450 22458 22466
22474 22482 22490 22498 22506 22514 22522 22530 22538 22546
22554 22562 22570 22578 22586 22594 22602 22610 22618 22626
22634 22642 22650 22658 22666 22674 22682 22690 22698 22706
22714 22722 22730 22738 22746 22754 22762 22770 22778 22786
22794 22802 22810 22818 22826 22834 22842 22850 22858 22866
22874 22882 22890 22898 22906 22914 22922 22930 22938 22946
22954 22962 22970 22978 22986 22994 23002 23010 23018 23026
23034 23042 23050 23058 23066 23074 23082 23090 23098 23106
23114 23122 23130 23138 23146 23154 23162 23170 23178 23186
23194 23202 23210 23218 23226 23234 23242 23250 23258 23266
23274 23282 23290 23298 23306 23314 23322 23330 23338 23346
23354 23362 23370 23378 23386 23394 23402 23410 23418 23426
23434 23442 23450 23458 23466 23474 23482 23490 23498 23506
23514 23522 23530 23538 23546 23554 23562 23570 23578 23586
23594 23602 23610 23618 23626 23634 23642 23650 23658 23666
23674 23682 23690 23698 23706 23714 23722 23730 23738 23746
23754 23762 23770 23778 23786 23794 23802 23810 23818 23826
23834 23842 23850 23858 23866 23874 23882 23890 23898 23906
23914 23922 23930 23938 23946 23954 23962 23970 23978 23986
23994 24002 24010 24018 24026 24034 24042 24050 24058 24066
24074 24082 24090 24098 24106 24114 24122 24130 24138 24146
24154 24162 24170 24178 24186 24194 24202 24210 24218 24226
24234 24242 24250 24258 24266 24274 24282 24290 24298 24306
24314 24322 24330 24338 24346 24354 24362 24370 24378 24386
24394 24402 24410 24418 24426 24434 24442 24450 24458 24466
24474 24482 24490 24498 24506 24514 24522 24530 24538 24546
24554 24562 24570 24578 24586 24594 24602 24610 24618 24626
24634 24642 24650 24658 24666 24674 24682 24690 24698 24706
24714 24722 24730 24738 24746 24754 24762 24770 24778 24786
24794 24802 24810 24818 24826 24834 24842 24850 24858 24866
24874 24882 24890 24898 24906 24914 24922 24930 24938 24946
24954 24962 24970 24978 24986 24994 25002 25010 25018 25026
25034 25042 25050 25058 25066 25074 25082 25090 25098 25106
25114 25122 25130 25138 25146 25154 25162 25170 25178 25186
25194 25202 25210 25218 25226 25234 25242 25250 25258 25266
25274 25282 25290 25298 25306 25314 25322 25330 25338 25346
25354 25362 25370 25378 25386 25394 25402 25410 25418 25426
25434 25442 25450 25458 25466 25474 25482 25490 25498 25506
25514 25522 25530 25538 25546 25554 25562 25570 25578 25586
25594 25602 25610 25618 25626 25634 25642 25650 25658 25666
25674 25682 25690 25698 25706 25714 25722 25730 25738 25746
25754 25762 25770 25778 25786 25794 25802 25810 25818 25826
25834 25842 25850 25858 25866 25874 25882 25890 25898 25906
25914 25922 25930 25938 25946 25954 25962 25970 25978 25986
25994 26002 26010 26018 26026 26034 26042 26050 26058 26066
26074 26082 26090 26098 26106 26114 26122 26130 26138 26146
26154 26162 26170 26178 26186 26194 26202 26210 26218 26226
26234 26242 26250 26258 26266 26274 26282 26290 26298 26306
26314 26322 26330 26338 26346 26354 26362 26370 26378 26386
26394 26402 26410 26418 26426 26434 26442 26450 26458 26466
26474 26482 26490 26498 26506 26514 26522 26530 26538 26546
26554 26562 26570 26578 26586 26594 26602 26610 26618 26626
26634 26642 26650 26658 26666 26674 26682 26690 26698 26706
26714 26722 26730 26738 26746 26754 26762 26770 26778 26786
26794 26802 26810 26818 26826 26834 26842 26850 26858 26866
26874 26882 26890 26898 26906 26914 26922 26930 26938 26946
26954 26962 26970 26978 26986 26994 27002 27010 27018 27026
27034 27042 27050 27058 27066 27074 27082 27090 27098 27106
27114 27122 27130 27138 27146 27154 27162 27170 27178 27186
27194 27202 27210 27218 27226 27234 27242 27250 27258 27266
27274 27282 27290 27298 27306 27314 27322 27330 27338 27346
27354 27362 27370 27378 27386 27394 27402 27410 27418 27426
27434 27442 27450 27458 27466 27474 27482 27490 27498 27506
27514 27522 27530 27538 27546 27554 27562 27570 27578 27586
27594 27602 27610 27618 27626 27634 27642 27650 27658 27666
27674 27682 27690 27698 27706 27714 27722 27730 27738 27746
27754 27762 27770 27778 27786 27794 27802 27810 27818 27826
27834 27842 27850 27858 27866 27874 27882 27890 27898 27906
27914 27922 27930 27938 27946 27954 27962 27970 27978 27986
27994 28002 28010 28018 28026 28034 28042 28050 28058 28066
28074 28082 28090 28098 28106 28114 28122 28130 28138 28146
28154 28162 28170 28178 28186 28194 28202 28210 28218 28226
28234 28242 28250 28258 28266 28274 28282 28290 28298 28306
28314 28322 28330 28338 28346 28354 28362 28370 28378 28386
28394 28402 28410 28418 28426 28434 28442 28450 28458 28466
28474 28482 28490 28498 28506 28514 28522 28530 28538 28546
28554 28562 28570 28578 28586 28594 28602 28610 28618 28626
28634 28642 28650 28658 28666 28674 28682 28690 28698 28706
28714 28722 28730 28738 28746 28754 28762 28770 28778 28786
28794 28802 28810 28818 28826 28834 28842 28850 28858 28866
28874 28882 28890 28898 28906 28914 28922 28930 28938 28946
28954 28962 28970 28978 28986 28994 29002 29010 29018 29026
29034 29042 29050 29058 29066 29074 29082 29090 29098 29106
29114 29122 29130 29138 29146 29154 29162 29170 29178 29186
29194 29202 29210 29218 29226 29234 29242 29250 29258 29266
29274 29282 29290 29298 29306 29314 29322 29330 29338 29346
29354 29362 29370 29378 29386 29394 29402 29410 29418 29426
29434 29442 29450 29458 29466 29474 29482 29490 29498 29506
29514 29522 29530 29538 29546 29554 29562 29570 29578 29586
29594 29602 29610 29618 29626 29634 29642 29650 29658 29666
29674 29682 29690 29698 29706 29714 29722 29730 29738 29746
29754 29762 29770 29778 29786 29794 29802 29810 29818 29826
29834 29842 29850 29858 29866 29874 29882 29890 29898 29906
29914 29922 29930 29938 29946 29954 29962 29970 29978 29986
29994 30002 30010 30018 30026 30034 30042 30050 30058 30066
30074 30082 30090 30098 30106 30114 30122 30130 30138 30146
30154 30162 30170 30178 30186 30194 30202 30210 30218 30226
30234 30242 30250 30258 30266 30274 30282 30290 30298 30306
30314 30322 30330 30338 30346 30354 30362 30370 30378 30386
30394 30402 30410 30418 30426 30434 30442 30450 30458 30466
30474 30482 30490 30498 30506 30514 30522 30530 30538 30546
30554 30562 30570 30578 30586 30594 30602 30610 30618 30626
30634 30642 30650 30658 30666 30674 30682 30690 30698 30706
30714 30722 30730 30738 30746 30754 30762 30770 30778 30786
30794 30802 30810 30818 30826 30834 30842 30850 30858 30866
30874 30882 30890 30898 30906 30914 30922 30930 30938 30946
30954 30962 30970 30978 30986 30994 31002 31010 31018 31026
31034 31042 31050 31058 31066 31074 31082 31090 31098 31106
31114 31122 31130 31138 31146 31154 31162 31170 31178 31186
31194 31202 31210 31218 31226 31234 31242 31250 31258 31266
31274 31282 31290 31298 31306 31314 31322 31330 31338 31346
31354 31362 31370 31378 31386 31394 31402 31410 31418 31426
31434 31442 31450 31458 31466 31474 31482 31490 31498 31506
31514 31522 31530 31538 31546 31554 31562 31570 31578 31586
31594 31602 31610 31618 31626 31634 31642 31650 31658 31666
31674 31682 31690 31698 31706 31714 31722 31730 31738 31746
31754 31762 31770 31778 31786 31794 31802 31810 31818 31826
31834 31842 31850 31858 31866 31874 31882 31890 31898 31906
31914 31922 31930 31938 31946 31954 31962 31970 31978 31986
31994 32002 32010 32018 32026 32034 32042 32050 32058 32066
32074 32082 32090 32098 32106 32114 32122 32130 32138 32146
32154 32162 32170 32178 32186 32194 32202 32210 32218 32226
32234 32242 32250 32258 32266 32274 32282 32290 32298 32306
32314 32322 32330 32338 32346 32354 32362 32370 32378 32386
32394 32402 32410 32418 32426 32434 32442 32450 32458 32466
32474 32482 32490 32498 32506 32514 32522 32530 32538 32546
32554 32562 32570 32578 32586 32594 32602 32610 32618 32626
32634 32642 32650 32658 32666 32674 32682 32690 32698 32706
32714 32722 32730 32738 32746 32754 32762 32770 32778 32786
32794 32802 32810 32818 32826 32834 32842 32850 32858 32866
32874 32882 32890 32898 32906 32914 32922 32930 32938 32946
32954 32962 32970 32978 32986 32994 33002 33010 33018 33026
33034 33042 33050 33058 33066 33074 33082 33090 33098 33106
33114 33122 33130 33138 33146 33154 33162 33170 33178 33186
33194 33202 33210 33218 33226 33234 33242 33250 33258 33266
33274 33282 33290 33298 33306 33314 33322 33330 33338 33346
33354 33362 33370 33378 33386 33394 33402 33410 33418 33426
33434 33442 33450 33458 33466 33474 33482 33490 33498 33506
33514 33522 33530 33538 33546 33554 33562 33570 33578 33586
33594 33602 33610 33618 33626 33634 33642 33650 33658 33666
33674 33682 33690 33698 33706 33714 33722 33730 33738 33746
33754 33762 33770 33778 33786 33794 33802 33810 33818 33826
33834 33842 33850 33858 33866 33874 33882 33890 33898 33906
33914 33922 33930 33938 33946 33954 33962 33970 33978 33986
33994 34002 34010 34018 34026 34034 34042 34050 34058 34066
34074 34082 34090 34098 34106 34114 34122 34130 34138 34146
34154 34162 34170 34178 34186 34194 34202 34210 34218 34226
34234 34242 34250 34258 34266 34274 34282 34290 34298 34306
34314 34322 34330 34338 34346 34354 34362 34370 34378 34386
34394 34402 34410 34418 34426 34434 34442 34450 34458 34466
34474 34482 34490 34498 34506 34514 34522 34530 34538 34546
34554 34562 34570 34578 34586 34594 34602 34610 34618 34626
34634 34642 34650 34658 34666 34674 34682 34690 34698 34706
34714 34722 34730 34738 34746 34754 34762 34770 34778 34786
34794 34802 34810 34818 34826 34834 34842 34850 34858 34866
34874 34882 34890 34898 34906 34914 34922 34930 34938 34946
34954 34962 34970 34978 34986 34994 35002 35010 35018 35026
35034 35042 35050 35058 35066 35074 35082 35090 35098 35106
35114 35122 35130 35138 35146 35154 35162 35170 35178 35186
35194 35202 35210 35218 35226 35234 35242 35250 35258 35266
35274 35282 35290 35298 35306 35314 35322 35330 35338 35346
35354 35362 35370 35378 35386 35394 35402 35410 35418 35426
35434 35442 35450 35458 35466 35474 35482 35490 35498 35506
35514 35522 35530 35538 35546 35554 35562 35570 35578 35586
35594 35602 35610 35618 35626 35634 35642 35650 35658 35666
35674 35682 35690 35698 35706 35714 35722 35730 35738 35746
35754 35762 35770 35778 35786 35794 35802 35810 35818 35826
35834 35842 35850 35858 35866 35874 35882 35890 35898 35906
35914 35922 35930 35938 35946 35954 35962 35970 35978 35986
35994 36002 36010 36018 36026 36034 36042 36050 36058 36066
36074 36082 36090 36098 36106 36114 36122 36130 36138 36146
36154 36162 36170 36178 36186 36194 36202 36210 36218 36226
36234 36242 36250 36258 36266 36274 36282 36290 36298 36306
36314 36322 36330 36338 36346 36354 36362 36370 36378 36386
36394 36402 36410 36418 36426 36434 36442 36450 36458 36466
36474 36482 36490 36498 36506 36514 36522 36530 36538 36546
36554 36562 36570 36578 36586 36594 36602 36610 36618 36626
36634 36642 36650 36658 36666 36674 36682 36690 36698 36706
36714 36722 36730 36738 36746 36754 36762 36770 36778 36786
36794 36802 36810 36818 36826 36834 36842 36850 36858 36866
36874 36882 36890 36898 36906 36914 36922 36930 36938 36946
36954 36962 36970 36978 36986 36994 37002 37010 37018 37026
37034 37042 37050 37058 37066 37074 37082 37090 37098 37106
37114 37122 37130 37138 37146 37154 37162 37170 37178 37186
37194 37202 37210 37218 37226 37234 37242 37250 37258 37266
37274 37282 37290 37298 37306 37314 37322 37330 37338 37346
37354 37362 37370 37378 37386 37394 37402 37410 37418 37426
37434 37442 37450 37458 37466 37474 37482 37490 37498 37506
37514 37522 37530 37538 37546 37554 37562 37570 37578 37586
37594 37602 37610 37618 37626 37634 37642 37650 37658 37666
37674 37682 37690 37698 37706 37714 37722 37730 37738 37746
37754 37762 37770 37778 37786 37794 37802 37810 37818 37826
37834 37842 37850 37858 37866 37874 37882 37890 37898 37906
37914 37922 37930 37938 37946 37954 37962 37970 37978 37986
37994 38002 38010 38018 38026 38034 38042 38050 38058 38066
38074 38082 38090 38098 38106 38114 38122 38130 38138 38146
38154 38162 38170 38178 38186 38194 38202 38210 38218 38226
38234 38242 38250 38258 38266 38274 38282 38290 38298 38306
38314 38322 38330 38338 38346 38354 38362 38370 38378 38386
38394 38402 38410 38418 38426 38434 38442 38450 38458 38466
38474 38482 38490 38498 38506 38514 38522 38530 38538 38546
38554 38562 38570 38578 38586 38594 38602 38610 38618 38626
38634 38642 38650 38658 38666 38674 38682 38690 38698 38706
38714 38722 38730 38738 38746 38754 38762 38770 38778 38786
38794 38802 38810 38818 38826 38834 38842 38850 38858 38866
38874 38882 38890 38898 38906 38914 38922 38930 38938 38946
38954 38962 38970 38978 38986 38994 39002 39010 39018 39026
39034 39042 39050 39058 39066 39074 39082 39090 39098 39106
39114 39122 39130 39138 39146 39154 39162 39170 39178 39186
39194 39202 39210 39218 39226 39234 39242 39250 39258 39266
39274 39282 39290 39298 39306 39314 39322 39330 39338 39346
39354 39362 39370 39378 39386 39394 39402 39410 39418 39426
39434 39442 39450 39458 39466 39474 39482 39490 39498 39506
39514 39522 39530 39538 39546 39554 39562 39570 39578 39586
39594 39602 39610 39618 39626 39634 39642 39650 39658 39666
39674 39682 39690 39698 39706 39714 39722 39730 39738 39746
39754 39762 39770 39778 39786 39794 39802 39810 39818 39826
39834 39842 39850 39858 39866 39874 39882 39890 39898 39906
39914 39922 39930 39938 39946 39954 39962 39970 39978 39986
39994 40002 40010 40018 40026 40034 40042 40050 40058 40066
40074 40082 40090 40098 40106 40114 40122 40130 40138 40146
40154 40162 40170 40178 40186 40194 40202 40210 40218 40226
40234 40242 40250 40258 40266 40274 40282 40290 40298 40306
40314 40322 40330 40338 40346 40354 40362 40370 40378 40386
40394 40402 40410 40418 40426 40434 40442 40450 40458 40466
40474 40482 40490 40498 40506 40514 40522 40530 40538 40546
40554 40562 40570 40578 40586 40594 40602 40610 40618 40626
40634 40642 40650 40658 40666 40674 40682 40690 40698 40706
40714 40722 40730 40738 40746 40754 40762 40770 40778 40786
40794 40802 40810 40818 40826 40834 40842 40850 40858 40866
40874 40882 40890 40898 40906 40914 40922 40930 40938 40946
40954 40962 40970 40978 40986 40994 41002 41010 41018 41026
41034 41042 41050 41058 41066 41074 41082 41090 41098 41106
41114 41122 41130 41138 41146 41154 41162 41170 41178 41186
41194 41202 41210 41218 41226 41234 41242 41250 41258 41266
41274 41282 41290 41298 41306 41314 41322 41330 41338 41346
41354 41362 41370 41378 41386 41394 41402 41410 41418 41426
41434 41442 41450 41458 41466 41474 41482 41490 41498 41506
41514 41522 41530 41538 41546 41554 41562 41570 41578 41586
41594 41602 41610 41618 41626 41634 41642 41650 41658 41666
41674 41682 41690 41698 41706 41714 41722 41730 41738 41746
41754 41762 41770 41778 41786 41794 41802 41810 41818 41826
41834 41842 41850 41858 41866 41874 41882 41890 41898 41906
41914 41922 41930 41938 41946 41954 41962 41970 41978 41986
41994 42002 42010 42018 42026 42034 42042 42050 42058 42066
42074 42082 42090 42098 42106 42114 42122 42130 42138 42146
42154 42162 42170 42178 42186 42194 42202 42210 42218 42226
42234 42242 42250 42258 42266 42274 42282 42290 42298 42306
42314 42322 42330 42338 42346 42354 42362 42370 42378 42386
42394 42402 42410 42418 42426 42434 42442 42450 42458 42466
42474 42482 42490 42498 42506 42514 42522 42530 42538 42546
42554 42562 42570 42578 42586 42594 42602 42610 42618 42626
42634 42642 42650 42658 42666 42674 42682 42690 42698 42706
42714 42722 42730 42738 42746 42754 42762 42770 42778 42786
42794 42802 42810 42818 42826 42834 42842 42850 42858 42866
42874 42882 42890 42898 42906 42914 42922 42930 42938 42946
42954 42962 42970 42978 42986 42994 43002 43010 43018 43026
43034 43042 43050 43058 43066 43074 43082 43090 43098 43106
43114 43122 43130 43138 43146 43154 43162 43170 43178 43186
43194 43202 43210 43218 43226 43234 43242 43250 43258 43266
43274 43282 43290 43298 43306 43314 43322 43330 43338 43346
43354 43362 43370 43378 43386 43394 43402 43410 43418 43426
43434 43442 43450 43458 43466 43474 43482 43490 43498 43506
43514 43522 43530 43538 43546 43554 43562 43570 43578 43586
43594 43602 43610 43618 43626 43634 43642 43650 43658 43666
43674 43682 43690 43698 43706 43714 43722 43730 43738 43746
43754 43762 43770 43778 43786 43794 43802 43810 43818 43826
43834 43842 43850 43858 43866 43874 43882 43890 43898 43906
43914 43922 43930 43938 43946 43954 43962 43970 43978 43986
43994 44002 44010 44018 44026 44034 44042 44050 44058 44066
44074 44082 44090 44098 44106 44114 44122 44130 44138 44146
44154 44162 44170 44178 44186 44194 44202 44210 44218 44226
44234 44242 44250 44258 44266 44274 44282 44290 44298 44306
44314 44322 44330 44338 44346 44354 44362 44370 44378 44386
44394 44402 44410 44418 44426 44434 44442 44450 44458 44466
44474 44482 44490 44498 44506 44514 44522 44530 44538 44546
44554 44562 44570 44578 44586 44594 44602 44610 44618 44626
44634 44642 44650 44658 44666 44674 44682 44690 44698 44706
44714 44722 44730 44738 44746 44754 44762 44770 44778 44786
44794 44802 44810 44818 44826 44834 44842 44850 44858 44866
44874 44882 44890 44898 44906 44914 44922 44930 44938 44946
44954 44962 44970 44978 44986 44994 45002 45010 45018 45026
45034 45042 45050 45058 45066 45074 45082 45090 45098 45106
45114 45122 45130 45138 45146 45154 45162 45170 45178 45186
45194 45202 45210 45218 45226 45234 45242 45250 45258 45266
45274 45282 45290 45298 45306 45314 45322 45330 45338 45346
45354 45362 45370 45378 45386 45394 45402 45410 45418 45426
45434 45442 45450 45458 45466 45474 45482 45490 45498 45506
45514 45522 45530 45538 45546 45554 45562 45570 45578 45586
45594 45602 45610 45618 45626 45634 45642 45650 45658 45666
45674 45682 45690 45698 45706 45714 45722 45730 45738 45746
45754 45762 45770 45778 45786 45794 45802 45810 45818 45826
45834 45842 45850 45858 45866 45874 45882 45890 45898 45906
45914 45922 45930 45938 45946 45954 45962 45970 45978 45986
45994 46002 46010 46018 46026 46034 46042 46050 46058 46066
46074 46082 46090 46098 46106 46114 46122 46130 46138 46146
46154 46162 46170 46178 46186 46194 46202 46210 46218 46226
46234 46242 46250 46258 46266 46274 46282 46290 46298 46306
46314 46322 46330 46338 46346 46354 46362 46370 46378 46386
46394 46402 46410 46418 46426 46434 46442 46450 46458 46466
46474 46482 46490 46498 46506 46514 46522 46530 46538 46546
46554 46562 46570 46578 46586 46594 46602 46610 46618 46626
46634 46642 46650 46658 46666 46674 46682 46690 46698 46706
46714 46722 46730 46738 46746 46754 46762 46770 46778 46786
46794 46802 46810 46818 46826 46834 46842 46850 46858 46866
46874 46882 46890 46898 46906 46914 46922 46930 46938 46946
46954 46962 46970 46978 46986 46994 47002 47010 47018 47026
47034 47042 47050 47058 47066 47074 47082 47090 47098 47106
47114 47122 47130 47138 47146 47154 47162 47170 47178 47186
47194 47202 47210 47218 47226 47234 47242 47250 47258 47266
47274 47282 47290 47298 47306 47314 47322 47330 47338 47346
47354 47362 47370 47378 47386 47394 47402 47410 47418 47426
47434 47442 47450 47458 47466 47474 47482 47490 47498 47506
47514 47522 47530 47538 47546 47554 47562 47570 47578 47586
47594 47602 47610 47618 47626 47634 47642 47650 47658 47666
47674 47682 47690 47698 47706 47714 47722 47730 47738 47746
47754 47762 47770 47778 47786 47794 47802 47810 47818 47826
47834 47842 47850 47858 47866 47874 47882 47890 47898 47906
47914 47922 47930 47938 47946 47954 47962 47970 47978 47986
47994 48002 48010 48018 48026 48034 48042 48050 48058 48066
48074 48082 48090 48098 48106 48114 48122 48130 48138 48146
48154 48162 48170 48178 48186 48194 48202 48210 48218 48226
48234 48242 48250 48258 48266 48274 48282 48290 48298 48306
48314 48322 48330 48338 48346 48354 48362 48370 48378 48386
48394 48402 48410 48418 48426 48434 48442 48450 48458 48466
48474 48482 48490 48498 48506 48514 48522 48530 48538 48546
48554 48562 48570 48578 48586 48594 48602 48610 48618 48626
48634 48642 48650 48658 48666 48674 48682 48690 48698 48706
48714 48722 48730 48738 48746 48754 48762 48770 48778 48786
48794 48802 48810 48818 48826 48834 48842 48850 48858 48866
48874 48882 48890 48898 48906 48914 48922 48930 48938 48946
48954 48962 48970 48978 48986 48994 49002 49010 49018 49026
49034 49042 49050 49058 49066 49074 49082 49090 49098 49106
49114 49122 49130 49138 49146 49154 49162 49170 49178 49186
49194 49202 49210 49218 49226 49234 49242 49250 49258 49266
49274 49282 49290 49298 49306 49314 49322 49330 49338 49346
49354 49362 49370 49378 49386 49394 49402 49410 49418 49426
49434 49442 49450 49458 49466 49474 49482 49490 49498 49506
49514 49522 49530 49538 49546 49554 49562 49570 49578 49586
49594 49602 49610 49618 49626 49634 49642 49650 49658 49666
49674 49682 49690 49698 49706 49714 49722 49730 49738 49746
49754 49762 49770 49778 49786 49794 49802 49810 49818 49826
49834 49842 49850 49858 49866 49874 49882 49890 49898 49906
49914 49922 49930 49938 49946 49954 49962 49970 49978 49986
49994 50002 50010 50018 50026 50034 50042 50050 50058 50066
50074 50082 50090 50098 50106 50114 50122 50130 50138 50146
50154 50162 50170 50178 50186 50194 50202 50210 50218 50226
50234 50242 50250 50258 50266 50274 50282 50290 50298 50306
50314 50322 50330 50338 50346 50354 50362 50370 50378 50386
50394 50402 50410 50418 50426 50434 50442 50450 50458 50466
50474 50482 50490 50498 50506 50514 50522 50530 50538 50546
50554 50562 50570 50578 50586 50594 50602 50610 50618 50626
50634 50642 50650 50658 50666 50674 50682 50690 50698 50706
50714 50722 50730 50738 50746 50754 50762 50770 50778 50786
50794 50802 50810 50818 50826 50834 50842 50850 50858 50866
50874 50882 50890 50898 50906 50914 50922 50930 50938 50946
50954 50962 50970 50978 50986 50994 51002 51010 51018 51026
51034 51042 51050 51058 51066 51074 51082 51090 51098 51106
51114 51122 51130 51138 51146 51154 51162 51170 51178 51186
51194 51202 51210 51218 51226 51234 51242 51250 51258 51266
51274 51282 51290 51298 51306 51314 51322 51330 51338 51346
51354 51362 51370 51378 51386 51394 51402 51410 51418 51426
51434 51442 51450 51458 51466 51474 51482 51490 51498 51506
51514 51522 51530 51538 51546 51554 51562 51570 51578 51586
51594 51602 51610 51618 51626 51634 51642 51650 51658 51666
51674 51682 51690 51698 51706 51714 51722 51730 51738 51746
51754 51762 51770 51778 51786 51794 51802 51810 51818 51826
51834 51842 51850 51858 51866 51874 51882 51890 51898 51906
51914 51922 51930 51938 51946 51954 51962 51970 51978 51986
51994 52002 52010 52018 52026 52034 52042 52050 52058 52066
52074 52082 52090 52098 52106 52114 52122 52130 52138 52146
52154 52162 52170 52178 52186 52194 52202 52210 52218 52226
52234 52242 52250 52258 52266 52274 52282 52290 52298 52306
52314 52322 52330 52338 52346 52354 52362 52370 52378 52386
52394 52402 52410 52418 52426 52434 52442 52450 52458 52466
52474 52482 52490 52498 52506 52514 52522 52530 52538 52546
52554 52562 52570 52578 52586 52594 52602 52610 52618 52626
52634 52642 52650 52658 52666 52674 52682 52690 52698 52706
52714 52722 52730 52738 52746 52754 52762 52770 52778 52786
52794 52802 52810 52818 52826 52834 52842 52850 52858 52866
52874 52882 52890 52898 52906 52914 52922 52930 52938 52946
52954 52962 52970 52978 52986 52994 53002 53010 53018 53026
53034 53042 53050 53058 53066 53074 53082 53090 53098 53106
53114 53122 53130 53138 53146 53154 53162 53170 53178 53186
53194 53202 53210 53218 53226 53234 53242 53250 53258 53266
53274 53282 53290 53298 53306 53314 53322 53330 53338 53346
53354 53362 53370 53378 53386 53394 53402 53410 53418 53426
53434 53442 53450 53458 53466 53474 53482 53490 53498 53506
53514 53522 53530 53538 53546 53554 53562 53570 53578 53586
53594 53602 53610 53618 53626 53634 53642 53650 53658 53666
53674 53682 53690 53698 53706 53714 53722 53730 53738 53746
53754 53762 53770 53778 53786 53794 53802 53810 53818 53826
53834 53842 53850 53858 53866 53874 53882 53890 53898 53906
53914 53922 53930 53938 53946 53954 53962 53970 53978 53986
53994 54002 54010 54018 54026 54034 54042 54050 54058 54066
54074 54082 54090 54098 54106 54114 54122 54130 54138 54146
54154 54162 54170 54178 54186 54194 54202 54210 54218 54226
54234 54242 54250 54258 54266 54274 54282 54290 54298 54306
54314 54322 54330 54338 54346 54354 54362 54370 54378 54386
54394 54402 54410 54418 54426 54434 54442 54450 54458 54466
54474 54482 54490 54498 54506 54514 54522 54530 54538 54546
54554 54562 54570 54578 54586 54594 54602 54610 54618 54626
54634 54642 54650 54658 54666 54674 54682 54690 54698 54706
54714 54722 54730 54738 54746 54754 54762 54770 54778 54786
54794 54802 54810 54818 54826 54834 54842 54850 54858 54866
54874 54882 54890 54898 54906 54914 54922 54930 54938 54946
54954 54962 54970 54978 54986 54994 55002 55010 55018 55026
55034 55042 55050 55058 55066 55074 55082 55090 55098 55106
55114 55122 55130 55138 55146 55154 55162 55170 55178 55186
55194 55202 55210 55218 55226 55234 55242 55250 55258 55266
55274 55282 55290 55298 55306 55314 55322 55330 55338 55346
55354 55362 55370 55378 55386 55394 55402 55410 55418 55426
55434 55442 55450 55458 55466 55474 55482 55490 55498 55506
55514 55522 55530 55538 55546 55554 55562 55570 55578 55586
55594 55602 55610 55618 55626 55634 55642 55650 55658 55666
55674 55682 55690 55698 55706 55714 55722 55730 55738 55746
55754 55762 55770 55778 55786 55794 55802 55810 55818 55826
55834 55842 55850 55858 55866 55874 55882 55890 55898 55906
55914 55922 55930 55938 55946 55954 55962 55970 55978 55986
55994 56002 56010 56018 56026 56034 56042 56050 56058 56066
56074 56082 56090 56098 56106 56114 56122 56130 56138 56146
56154 56162 56170 56178 56186 56194 56202 56210 56218 56226
56234 56242 56250 56258 56266 56274 56282 56290 56298 56306
56314 56322 56330 56338 56346 56354 56362 56370 56378 56386
56394 56402 56410 56418 56426 56434 56442 56450 56458 56466
56474 56482 56490 56498 56506 56514 56522 56530 56538 56546
56554 56562 56570 56578 56586 56594 56602 56610 56618 56626
56634 56642 56650 56658 56666 56674 56682 56690 56698 56706
56714 56722 56730 56738 56746 56754 56762 56770 56778 56786
56794 56802 56810 56818 56826 56834 56842 56850 56858 56866
56874 56882 56890 56898 56906 56914 56922 56930 56938 56946
56954 56962 56970 56978 56986 56994 57002 57010 57018 57026
57034 57042 57050 57058 57066 57074 57082 57090 57098 57106
57114 57122 57130 57138 57146 57154 57162 57170 57178 57186
57194 57202 57210 57218 57226 57234 57242 57250 57258 57266
57274 57282 57290 57298 57306 57314 57322 57330 57338 57346
57354 57362 57370 57378 57386 57394 57402 57410 57418 57426
57434 57442 57450 57458 57466 57474 57482 57490 57498 57506
57514 57522 57530 57538 57546 57554 57562 57570 57578 57586
57594 57602 57610 57618 57626 57634 57642 57650 57658 57666
57674 57682 57690 57698 57706 57714 57722 57730 57738 57746
57754 57762 57770 57778 57786 57794 57802 57810 57818 57826
57834 57842 57850 57858 57866 57874 57882 57890 57898 57906
57914 57922 57930 57938 57946 57954 57962 57970 57978 57986
57994 58002 58010 58018 58026 58034 58042 58050 58058 58066
58074 58082 58090 58098 58106 58114 58122 58130 58138 58146
58154 58162 58170 58178 58186 58194 58202 58210 58218 58226
58234 58242 58250 58258 58266 58274 58282 58290 58298 58306
58314 58322 58330 58338 58346 58354 58362 58370 58378 58386
58394 58402 58410 58418 58426 58434 58442 58450 58458 58466
58474 58482 58490 58498 58506 58514 58522 58530 58538 58546
58554 58562 58570 58578 58586 58594 58602 58610 58618 58626
58634 58642 58650 58658 58666 58674 58682 58690 58698 58706
58714 58722 58730 58738 58746 58754 58762 58770 58778 58786
58794 58802 58810 58818 58826 58834 58842 58850 58858 58866
58874 58882 58890 58898 58906 58914 58922 58930 58938 58946
58954 58962 58970 58978 58986 58994 59002 59010 59018 59026
59034 59042 59050 59058 59066 59074 59082 59090 59098 59106
59114 59122 59130 59138 59146 59154 59162 59170 59178 59186
59194 59202 59210 59218 59226 59234 59242 59250 59258 59266
59274 59282 59290 59298 59306 59314 59322 59330 59338 59346
59354 59362 59370 59378 59386 59394 59402 59410 59418 59426
59434 59442 59450 59458 59466 59474 59482 59490 59498 59506
59514 59522 59530 59538 59546 59554 59562 59570 59578 59586
59594 59602 59610 59618 59626 59634 59642 59650 59658 59666
59674 59682 59690 59698 59706 59714 59722 59730 59738 59746
59754 59762 59770 59778 59786 59794 59802 59810 59818 59826
